430.19
471.15
444.1
485.11
477.53
426.07
446.75
433.28
455.52
475.65
429.53
456.31
484.67
480.01
444.77
447.54
432.06
462.6
435.12
438.24
477.5
449.81
427.58
477.41
461.68
454.68
472.95
453.02
463.98
440.73
426.24
449.45
447.59
490.41
431.92
468.01
444
462.54
426.82
441.16
475.88
474.46
445.91
459.02
483.8
431.95
462.65
447.93
459.45
473.39
457.88
440.29
467.69
448.15
450.22
432.33
448.71
444.59
436.06
470.98
435.6
476.2
447.47
483.36
465.77
431.14
478.37
437.78
481.56
431.35
434.03
471.42
443.27
480.08
469.42
442.71
464.03
472.9
434.56
434.01
432.9
450.33
462.81
460.59
444.54
433.95
445.91
436.72
452.93
484.21
441.45
444.52
442.3
471.72
444.71
432.28
436.7
458.26
467.33
428.96
468.81
453.02
452.85
456.08
457.17
440.15
442.69
445.74
447.35
486.52
443.14
434.68
440.23
484.42
442.67
471.33
460.47
433.08
434.55
440.1
451.14
479.81
458.08
485.12
437.1
469.38
440
460.44
458.66
433.7
436.12
443.92
432.8
427.94
480.38
463.47
433.95
442.31
475.36
441.36
440.48
471.96
442.89
468.83
434.47
461.73
438.39
445.19
432
453.8
478.95
440.48
460.08
445.01
440.63
438.26
459.47
440.49
438.68
478.51
462.55
436.43
485.1
447.01
483.86
437.42
485.86
470.33
450.11
434.02
485.61
459.43
426.85
450.26
432.07
461.16
463.32
483.63
444.63
471.43
435.76
468.63
435.6
483.27
445.5
455.87
448.84
427.67
458.13
432.3
462.39
470.55
440.28
435.47
463.49
433.43
458.4
440.67
465.58
434.56
472.4
471.55
470.65
447.64
459.84
430.23
434.44
448.52
438.5
474.51
445.37
438.4
462.67
481.24
431.92
473.08
466.47
483.94
460.51
454.69
444.88
454.37
439.36
442.67
444.43
475.21
442.2
439.65
457.09
472.95
483.38
437.75
450.75
447.69
440.03
442.66
434.67
465.16
433.45
458.21
452.82
430.12
474.07
466.71
439.72
434.15
480.83
473.19
430.68
474.16
471.46
483.54
436.33
443.06
442.03
430.05
464.7
487.4
462.01
478.25
439.48
448.32
476.55
442.32
431.87
445.31
474.57
444.59
478.21
474.82
480.49
428.61
445.27
433.27
433.4
430.8
464.18
433.32
481.61
452.5
438.24
475.58
436.95
450.72
473.51
458.41
453.46
446.83
440.01
430.87
482.05
478.38
456.72
435.96
442.85
456.87
480.2
482.85
461.35
479.53
474.72
453.54
465.36
442.58
437.78
433.25
477
469.27
489.09
439.21
446.48
445.27
435.67
456.25
441.66
483.82
482.98
467.41
442.25
460.87
459.61
467.23
436.15
436.42
466.6
451.09
453.19
488.32
434.85
472.22
434.32
462.77
480.74
463.9
466.73
452.77
431.64
442.02
463.1
440.52
475.88
434.12
444.85
434.01
474.64
439.68
441.9
448.42
482.89
481.44
469.58
459.14
458.46
437.93
478.05
474.57
433.84
453.39
469.41
436.34
443.12
455.8
444.64
438.76
479.94
444.53
436.61
473.05
448.17
475.55
477.38
455.24
470.81
439.06
427.82
483.5
464.58
438.99
470.49
430.1
461.81
482.8
474.71
459.26
432.93
444.53
476.99
435.88
461.78
443.31
428.44
434.35
472.19
440.43
472.02
470.91
445.07
438.45
447.34
437.76
457.43
450
451.95
472.15
443.12
479.3
432.97
460.6
433.97
490.5
437.87
476.67
473.62
472.37
449.01
454.62
471.81
468.92
444.26
441.68
483.8
431.69
438.78
438.99
430.3
452.39
431.14
465.61
466.73
477.8
456.03
477.3
437.2
467.51
485.66
460.66
440
462.86
445.44
468.07
440.51
458.74
436.05
443.02
442.43
463.82
454.85
469.34
442.5
477.76
439.15
436.76
450.56
450.94
433.99
473.47
452.37
434.93
478.99
447.32
441.35
449.4
445.4
433.28
451.79
425.91
465.95
425.91
440.64
463.34
481.14
441.74
455.86
440.04
439.11
478.56
488.56
453.4
472.65
445
476.4
466.78
464.46
441.07
430.11
471.13
468.27
450.33
449.21
485.73
452.1
448.92
466.83
471.7
437.55
440.6
446.22
450.44
427.69
435.28
465.52
458.04
465.82
471.99
448.06
442.83
462.54
470.2
473.44
432.47
453.83
432.96
442.6
475.94
435.62
442.69
439.83
457.67
444.55
464.86
479.65
474.75
491.29
449.62
447.42
479.69
436.43
449.72
451.42
469.48
459.67
480.92
439.86
432.45
461.36
471.32
478.43
477.8
438.7
438.09
458.41
440.67
449.28
458.91
438.49
476.81
434.15
428.85
446.54
450.64
467.02
476.1
451.16
453.35
446.36
450.62
439.5
457.94
429.91
464.7
449.24
437.84
438.12
439.12
468.43
474.7
470.17
438.28
477.91
430.41
443.62
471.8
458.26
467.62
456.44
488.67
433.76
462.58
452.82
436.08
481.29
430.55
438.82
438.92
443.6
453.86
434.4
432.22
457.07
429.38
456.71
457.26
474.26
479.16
450.98
459.48
438.59
437.57
481.38
437.99
473.37
445.5
432.76
443.75
475.48
473.72
453.27
435.04
448.28
426
457.46
433.44
445.34
480.25
450.96
455.32
466.41
461.14
439.03
432.82
430.37
473.78
452.41
444.9
439.84
433.78
464.33
465.05
432.07
429.55
490.47
476.83
471.23
468.57
456.64
445.34
448.37
454.6
489.11
470.17
447.26
467.87
477.12
447.47
462.41
473.23
455.68
457.11
456.98
444.83
471.11
464.5
458.25
449.14
449.12
436.42
434.16
478.82
449.59
445.26
456.79
454.45
444.5
432.18
451.95
463.65
445.19
483.26
479.2
433.82
454.88
443.72
448.83
483.28
433.72
461.36
429.5
458.46
449.98
432.89
485.35
437.96
436.16
473.42
454.67
436.22
472.43
485.25
440.3
444.26
446.31
443.85
474.16
450.09
468.52
431.85
446.22
432.26
460.59
435.53
482.99
471.23
427.71
444.5
443.73
462.84
464.06
450.14
463.93
469.32
443.11
434.77
432.59
446.04
488.43
460.57
463.63
435.27
464.23
429.18
466.47
428.75
467.92
483.31
445.1
468.87
463.47
449.16
445.6
447.1
430.23
433.71
457.45
466.67
458.59
494.21
440.79
430.32
453.96
480.59
444.43
454.41
476.71
436.35
436.04
456.36
473.22
456.48
433.19
439.79
476.02
438.51
441.85
433.92
462.12
432.2
450.43
433.02
481.85
471.85
485.08
453.09
479.16
433.67
438.17
446.4
486.07
430.29
473.66
473.22
445.02
444.27
442.13
482.39
432.17
478.04
451.81
434.96
440.74
449.1
430.88
450.38
438.23
456.7
430.81
474.93
462.72
435.39
436.21
450.84
456.04
449.34
455.72
436.82
432.92
451.28
435.71
460.95
458.76
453.29
444.69
463.1
450.48
444.93
441.26
439.3
456.24
461.31
479.06
469.49
465.61
437.02
439.72
434.68
452.3
477.82
437.2
438.11
437.78
450.55
462.55
475.14
432.67
467.53
482.98
440.99
442.47
429.62
482.82
458.42
454.78
459.01
430.14
467.22
438.82
459.69
442.23
435.23
445.61
489.36
474.02
483.72
452.03
446.34
439.76
460.29
481.46
486.57
451.38
445.87
443.46
444.34
437.47
466.86
463.75
472.16
473.34
473.56
477.5
470.67
448.37
453.56
431.37
480.35
439.46
439.04
441.29
478.69
465.69
428.74
443.13
457.72
441.04
434.89
441.14
430.6
455.82
442.78
430.88
432.94
435.4
445.22
461.45
469.8
463.48
431.07
447.66
480.48
432.62
472.45
452.1
465.2
486.31
442.53
433.54
473.94
445.61
469.34
449.58
469.74
434.33
434.24
429.99
433.47
461.34
469.06
464.33
427.65
448.92
437.37
460.11
485.1
445.76
456.28
447.31
477.07
439.69
454.85
431.43
467.98
432.89
447.36
486.03
483.63
452.27
435.51
435.71
480.6
439.45
484.82
449.12
477.54
436.64
479.92
480.71
443.06
457.26
444.74
434.29
465.87
455.66
488.2
441.31
475.34
429.73
479.66
426.46
446.51
459.01
435.47
450.13
455.63
482.74
447.96
469.25
450.69
459.83
446.26
466.68
466.2
441.28
439.55
444.23
432.81
436.75
454.35
471.39
440.66
446.57
465.03
433.45
481.77
434.74
440.28
464.27
477.89
482.55
438.41
472.41
474.15
465.75
489.86
447.06
442.75
462.34
472.5
446.58
465.85
438.23
445.11
455.66
482.26
452.94
443.13
467.23
435.91
453.86
436.94
445.63
483.83
480.05
484.12
453.84
452.19
447.12
443.91
456.4
447.16
435.54
428.63
433.71
447.85
452.38
462.96
452.8
455.35
448.13
431.23
437.92
470.04
488.53
451.78
459.42
455.2
472.13
453.27
444.13
474.63
448.71
463.99
460.44
449.76
476.7
440.53
455.85
438.66
462.19
432.36
440.29
438.73
460.47
477.85
447.02
454.1
453.96
451.03
463.12
474.12
480.74
470.88
443.86
472.65
489.64
459.04
432.1
434.18
473.77
452.6
481.03
434.41
467.3
452.32
432.93
435.68
468.37
454.42
443.68
472.68
475.73
472.27
435.29
448.39
431.64
436.36
441.16
448.5
437.35
479.61
464.14
474.8
427.83
475.24
449.18
458.01
444.66
454.64
437.35
481.51
441.99
436.82
455.86
452.45
471.43
482.71
443.59
485.01
451.67
437.26
440.1
487.24
446.05
459.81
442.53
467.33
436.23
484.08
428.79
471.05
430.2
448.74
455.29
449.66
439.11
470.47
451.96
436.42
457.45
451.86
455.39
489.52
471.72
435.7
429.15
447.17
433.04
449
429.92
439.33
465.14
477.75
436.95
433.47
442.29
464.14
449.73
492.39
478.85
466.2
452.06
457.09
435.15
471.6
444.56
460.01
474.23
480.59
449.61
472.3
464.25
432.93
434.65
471.34
483.13
435.78
467.98
452.89
436.3
441.99
470.96
441.27
464.94
430.45
437.8
429.25
477.49
474.57
464.74
445.33
471.26
479.62
437.35
430.65
465.72
436.6
470.63
473.92
452.58
467.33
432.6
483.06
429.01
459.81
462.44
469.5
475.33
455.22
480.18
475.46
443.1
452.73
466.75
444.71
461.9
470.4
452.73
469.54
435.2
478.95
441.32
436.94
437.34
444.03
485.49
448.57
464.59
464.25
442.9
430.82
479.45
468.82
458.51
442.97
457.94
433.15
434.45
434.73
471.8
473.12
439.06
436.7
481.31
430.07
442.19
476.09
467.12
460.84
439.67
464.07
484.21
430.44
443.94
452.8
459.11
440.74
482.46
462.56
463.03
464.3
446.92
483.27
448.79
446.49
436.26
434.41
445.84
477.27
482.43
484.82
479.66
479.95
460.26
461.96
426.55
466.59
433.37
444.05
441.92
432.45
447.84
430.35
441.61
436.29
467.53
466.34
439.66
464.35
482.26
476.42
449.54
430.38
442.83
475.37
438.85
463.58
447.69
459.76
429.66
455.91
432.03
438.74
446.91
438.38
478.05
436.37
486.05
440.21
469.55
426.76
438.62
443.89
433.31
453.88
447.45
439.77
442.1
444.51
471.17
437.81
474.57
429.28
432.79
433.34
431.48
451.4
475.07
442.85
473.2
440.2
441.3
440.75
460.87
480.29
436.4
437.03
437.24
461.74
442.19
440.58
446.35
454.03
450.26
474.72
487.63
438.79
483.49
462.1
426.52
478.05
479.96
452.49
457.99
479.17
483.82
458.26
445.43
471.11
446.4
476.6
478.78
481.32
435.87
461.54
438.47
454.36
464.02
438.76
440.46
475.46
440.52
444.84
464.41
457.98
480.61
461.25
478.32
467.14
480.54
459.64
446.36
473.6
461.73
444.85
474.49
445.62
477.62
462.98
448.51
435.5
476.49
476.37
450.13
445.52
437.82
479.83
440.87
435.9
433.94
428.06
477.23
445.51
434.47
434.01
466.27
433.83
480.34
445.37
461.05
461.6
439.66
476.84
437.7
432.69
444.78
455.19
481.02
474.07
479.21
459.23
440.91
441.85
466.56
472.62
439.01
464.59
432.11
442.83
476.97
426.47
457.9
443.61
483.88
432.31
468.4
448
453.62
483.56
450.53
435.16
432.92
440.2
454.06
476.74
447.93
460.43
464.95
442.14
483.77
433.58
469.53
429.56
465.49
444.76
436.78
449.44
475.59
461.29
429.83
434.13
468.35
478.03
458.94
451.76
429.84
473.84
463.28
457.28
473.27
445.67
466.24
444.19
446.95
438.29
469.9
433.37
494.3
453.03
477.88
462.28
464.68
464.03
473.43
494.9
485.96
491.81
438.42
448.01
479.68
449.38
461.18
468.01
441.33
432.07
441.28
431.23
473.05
466.37
472.54
459.31
474.35
476.02
441.8
453.37
436.16
457.59
472.15
463.32
425.3
450.75
478.03
432.61
427.4
482.02
479.02
441.18
457.14
429.21
441.7
470.66
454.59
465.45
473.87
426.15
439.77
448.43
430.54
459.13
429.06
443.35
441.15
457.67
427.91
454.57
458.58
440.68
444.43
449.48
450.67
439.56
437.28
465.74
463.24
451.47
437.81
460.19
451.3
450.54
451.69
425.19
438.24
464.19
439.51
484.33
444.35
438.63
488.57
467.24
426.6
434.72
473.88
455.25
469.1
473.3
474.2
440.31
430.7
441.76
441.93
453.8
465.8
469.57
472.5
443.51
435.49
427.11
430.54
466.78
465.42
480.82
491.17
472.69
431.68
460.91
452.68
436.5
434.67
465.23
446.7
457.07
483.43
470.96
430.27
434.12
448.91
455.5
431.38
432.48
444.34
437.84
465
469.33
429.23
439.13
435.23
481.95
481.74
462.02
435.76
453.22
474.17
477.57
438.44
436.75
430.46
487.19
478.23
425.12
487.35
437.01
441.76
436.89
473.51
426.62
439.6
436.62
433.63
465.09
489.8
443.54
473.31
466.58
464.44
454.15
473.46
462.59
448.65
478.87
441.22
450.21
434.37
438.67
450.84
470.98
454.47
468.9
439.37
466.2
468.49
494.84
430.3
462.83
435.87
444.38
430.81
429.74
471.62
437.88
448.58
463.03
442.76
461.34
441.61
432.59
476.73
439.84
440.06
438.47
430.92
441.5
444.4
452.11
466.51
474.37
465.89
473.49
467.61
478.81
470.39
457.12
457.08
452.84
471.79
479.65
438.06
479.61
479.74
440.42
450.14
451.93
449.23
438.5
475.51
454.2
427.3
468.8
481.77
447.18
447.73
456.35
439.64
484.17
477.2
458.94
465.42
491.9
457.21
479.32
438.89
434.36
452.66
460.61
471.59
465.41
474.94
463.93
438.75
439.72
446.23
440.85
457.01
472.31
426.87
432.91
461.46
471.82
438.25
462.65
472.86
451.44
480.38
437.7
456.56
446.95
440.09
474.4
439.14
463.05
467.21
449.52
468.53
443.87
431.1
434.79
477.99
465.35
478.52
440.74
483.27
434.91
455.95
434.83
465.24
451.95
455.22
433.97
479.19
433.69
461.07
473
479.64
450.64
438.5
443.79
427.33
490.02
449.24
480.18
477.57
488.75
438.42
487.69
468.75
470.85
459.09
480.84
472.75
442.89
484.91
448.5
457.83
478.42
435.32
434.02
464.45
447.48
465.96
433.54
437.02
477.78
447.83
466.95
433.01
478.53
440.55
475.49
465.05
465.89
456.81
434.79
441.81
471.16
485.6
451.29
431.19
465.88
428.24
456.85
454.48
438.73
472.27
440.8
464.07
430.55
442.65
431.96
455.7
439.49
475.85
449.74
439.06
444.72
444.88
432.35
478.1
460.32
429.33
458.53
466.25
475.43
459.12
451.77
453.36
446.47
439.18
454.18
454.46
444.55
437.43
463.74
451.79
452.57
477.94
482.17
439.36
442.24
449.17
480.53
431.72
434.71
438.15
437.04
430.59
437.14
437.94
430.06
484.12
469.18
450.75
425.68
437.62
444.74
480.61
471.49
444.05
470.89
484.13
447.85
478.43
455.64
476.04
446.56
467.16
439.4
474.5
433.53
442.36
439.13
470.03
449.82
456.18
456.93
465.24
447.86
460.81
441.3
463.1
490.91
443.95
477.91
471.86
451.87
467.8
456.71
478.07
454.06
473.99
442.9
461.94
432.98
484
443.21
433.4
443.15
444.82
444.42
464.69
492.96
467.62
482.11
436.38
432
438.15
454.32
458.37
443.58
449.23
435.89
439.63
447.85
454.98
458.67
464.95
428.87
469.53
445.36
467.44
487.58
441.67
439.86
441.71
452.85
471.08
444.93
482.22
468.09
463.31
434.01
462.67
453.47
439.51
476.01
442.5
468.87
441.73
431.7
462.49
466.83
467.84
449.23
437.1
455.07
466.24
432.64
484.45
446.48
439.37
468.82
439.08
456.02
451.04
448.58
457.57
466.05
441.71
478.06
448.58
463.5
470.82
475.43
438.72
441.51
463.29
475.42
438.69
478.29
426.25
465.17
435.85
438.62
461.54
431.51
472.36
465.44
443.03
479.18
473.96
470.71
436.39
442.5
466.87
447.06
455.61
452.43
449.59
448.61
468.12
433.73
462.4
434.01
461.71
451.22
436.05
448.72
449.94
459.65
474.35
451.24
469.31
463.81
482.31
478.88
485.86
492.06
462.48
438.17
442.54
431.26
486.37
467.96
441.9
474.7
437.27
464.11
451.58
485.32
437.98
443.93
475.61
445.67
445.76
478.27
464.31
451.85
477.68
443.53
474.16
438.24
443.54
451.08
431.46
454.16
467.81
463.6
464.07
442.77
454.29
460.19
456.57
464.62
439.06
427.55
449.09
425.55
440.36
433.81
438.5
439.01
471.43
431.59
448.02
439.32
447.88
476.99
474.59
462.6
443.75
461.96
435.92
434.73
447.75
448.04
451.67
455.79
487.05
480.28
478.48
440.44
451
468.84
469.12
474.79
479.56
465.13
491.1
453.94
438.79
440.29
439.52
462.48
434.11
454.09
437.94
440.13
434.54
448.56
435.02
463.3
479.68
426.53
437.39
460.33
434.38
483.14
444.38
459.36
442.4
438.6
470.53
478.87
460.08
475.46
474.74
448.79
442.21
457.85
453.29
470.95
477.26
450.07
437.81
464.03
465.58
435.59
489.18
445.33
477.75
440.09
475.72
440.5
446.76
441.3
469.37
474.96
438.87
467.51
462.88
489.96
443.01
434.31
438.57
438.4
477.52
477.36
485.27
433.53
474.67
491.37
491.97
442.69
439.11
468.8
442.88
462.22
450.57
438.65
466.69
469.02
444.19
478.5
448.37
474.93
488.5
446.73
433.24
442.02
439.53
478.88
470.07
439.75
472.43
474.65
435.2
453.99
440.9
465.68
471.07
436.94
443.04
438.55
473.13
433.18
469.93
480.86
434.43
432.07
465.82
437.67
445.81
439.25
453.66
481.85
425.14
436.16
435.66
447.25
466.59
440.67
451.03
479.25
484.25
468.88
444.5
425.82
477.22
435.79
432.05
430.87
452.31
444.22
450.26
430.53
436.46
433.75
464.13
436.02
445.2
471.13
430.17
475.15
437.97
466.68
486.39
434.68
438.68
487.8
430.82
472.94
487.18
437.55
435.94
430.96
459.31
436.18
457.66
427.22
471.85
467.31
474.26
432.29
434.4
488.57
475.51
456.42
439.81
446.72
435.01
467.74
432.7
429.99
461.14
475.64
433.81
461.97
433.01
440.31
437.55
472.41
443.41
436.13
452.46
476.02
464.5
450.66
441.5
484.55
450.48
442.13
437.48
474.79
436.07
435.14
452.55
433.29
461.6
455.56
479.03
435.85
455.6
466.75
444.71
432.66
465.54
442.52
447.03
483.5
437.47
474.04
443.87
444.89
455.72
466.63
453.09
469.31
436.31
464.81
461.15
469.6
470.21
471.52
432.6
444.39
448.37
481.24
474.87
439.78
470.71
449.57
438.08
435.75
443.5
433.38
468.37
455.45
438.14
475.02
443.79
454.63
467.96
491.54
446.64
464.16
451.42
440.42
447.02
484.93
477.14
460.03
437.18
480.73
433.09
458.84
475.54
437.58
442.93
444.77
429.21
455.88
437.6
437.5
430.53
452.52
455.28
431.87
472.99
452.31
471.96
469.8
482.97
431
453.38
490.57
439.19
429.46
463.82
481.05
480.35
440.92
439.66
463.17
452.94
461.96
433.31
479.48
464.4
446.85
471.24
468.35
435.72
465.14
430.31
462.69
436.74
470.39
435.13
477.5
481.38
459.97
471.16
454.01
434.1
468.53
435.95
439.73
444.7
479.85
433.42
438.36
462.52
462.87
452.71
474.07
440.43
429.02
467.28
495.76
464.9
450.4
476.25
480.63
435.57
437.76
436.16
471.44
468.35
481.7
437.85
431.66
463.11
484.98
441.8
466.71
464.72
434.47
